
# Colours

# Moonrise 2 = c("#798E87", "#C27D38", "#CCC591", "#29211F")

cols_survey <- c(HBAI = "#798E87", SHS = "#C27D38")